
Documento 1		TF		IDF		TF-IDF
red         	1.0000	0.8239	0.0833	
cherry      	1.0000	1.3010	0.0833	
fruit       	1.0000	0.3010	0.0833	
laced       	1.0000	1.3010	0.0833	
light       	1.0000	1.3010	0.0833	
tannins     	1.0000	0.6990	0.0833	
give        	1.0000	0.8239	0.0833	
bright      	1.0000	0.8239	0.0833	
wine        	1.0000	0.2596	0.0833	
open        	1.0000	0.8239	0.0833	
juicy       	1.0000	0.8239	0.0833	
character   	1.0000	1.0000	0.0833	

Documento 2		TF		IDF		TF-IDF
red         	1.0000	0.8239	0.0526	
fruit       	1.0000	0.3010	0.0526	
bright      	1.0000	0.8239	0.0526	
wine        	1.0000	0.2596	0.0526	
merlot      	1.0000	1.3010	0.0526	
nero        	1.0000	1.3010	0.0526	
d'avola     	1.0000	1.3010	0.0526	
form        	1.0000	1.3010	0.0526	
base        	1.0000	1.3010	0.0526	
easy        	1.0000	1.3010	0.0526	
pair        	1.0000	0.6990	0.0526	
fettuccine  	1.0000	1.3010	0.0526	
meat        	1.0000	1.0000	0.0526	
sauce       	1.0000	1.0000	0.0526	
pork        	1.0000	1.3010	0.0526	
roast       	1.0000	1.3010	0.0526	
quality     	1.0000	1.0000	0.0526	
clean       	1.0000	0.8239	0.0526	
sharp       	1.0000	1.3010	0.0526	

Documento 3		TF		IDF		TF-IDF
part        	1.0000	1.0000	0.0483	
extend      	1.0000	1.3010	0.0483	
calanìca    	1.0000	1.3010	0.0483	
series      	1.0000	1.3010	0.0483	
grillo-viognier	1.0000	1.3010	0.0483	
blend       	1.0000	0.8239	0.0483	
show        	1.3010	0.8239	0.0629	
aromas      	1.0000	0.6021	0.0483	
honeysuckle 	1.0000	1.3010	0.0483	
jasmine     	1.0000	1.3010	0.0483	
back        	1.0000	1.0000	0.0483	
touch       	1.0000	0.6990	0.0483	
cut         	1.0000	1.3010	0.0483	
grass       	1.0000	1.0000	0.0483	
wild        	1.0000	1.3010	0.0483	
sage        	1.0000	1.3010	0.0483	
mouth       	1.0000	1.3010	0.0483	
ripe        	1.0000	0.6990	0.0483	
yellow-fruit	1.0000	1.3010	0.0483	
flavors     	1.0000	0.3979	0.0483	

Documento 4		TF		IDF		TF-IDF
flavors     	1.0000	0.3979	0.0935	
rustic      	1.0000	1.3010	0.0935	
dry         	1.0000	1.0000	0.0935	
berries     	1.0000	1.3010	0.0935	
currants    	1.0000	1.3010	0.0935	
licorice    	1.0000	1.3010	0.0935	
spices      	1.0000	1.3010	0.0935	
cabernet    	1.3010	1.0000	0.1217	
franc       	1.0000	1.3010	0.0935	
sauvignon   	1.0000	0.6990	0.0935	

Documento 5		TF		IDF		TF-IDF
fruit       	1.0000	0.3010	0.0441	
show        	1.0000	0.8239	0.0441	
sauvignon   	1.0000	0.6990	0.0441	
a           	1.3010	0.1549	0.0573	
tart        	1.0000	1.3010	0.0441	
green       	1.0000	1.0000	0.0441	
gooseberry  	1.0000	1.0000	0.0441	
flavor      	1.0000	0.6021	0.0441	
similar     	1.0000	1.3010	0.0441	
zealand     	1.0000	1.0000	0.0441	
blanc       	1.0000	0.8239	0.0441	
note        	1.0000	0.4559	0.0441	
include     	1.0000	1.3010	0.0441	
tropical    	1.0000	1.0000	0.0441	
orange      	1.0000	1.0000	0.0441	
honey       	1.0000	0.8239	0.0441	
unoaked     	1.0000	1.3010	0.0441	
splash      	1.0000	1.3010	0.0441	
muscat      	1.0000	1.3010	0.0441	
commendable 	1.0000	1.3010	0.0441	
dryness     	1.0000	1.3010	0.0441	
acidity     	1.0000	0.8239	0.0441	

Documento 6		TF		IDF		TF-IDF
fruit       	1.0000	0.3010	0.0455	
touch       	1.0000	0.6990	0.0455	
a           	1.0000	0.1549	0.0455	
flavor      	1.0000	0.6021	0.0455	
note        	1.0000	0.4559	0.0455	
erath       	1.0000	1.3010	0.0455	
2010        	1.0000	1.3010	0.0455	
vineyard    	1.0000	1.3010	0.0455	
designates  	1.0000	1.3010	0.0455	
strongly    	1.0000	1.3010	0.0455	
herbal      	1.0000	1.3010	0.0455	
leaf        	1.0000	1.3010	0.0455	
herb        	1.0000	1.0000	0.0455	
create      	1.0000	1.3010	0.0455	
unripe      	1.0000	1.3010	0.0455	
impressions 	1.0000	1.3010	0.0455	
bitterness  	1.0000	1.0000	0.0455	
finish      	1.0000	0.6021	0.0455	
pass        	1.0000	1.3010	0.0455	
ripeness    	1.0000	1.3010	0.0455	
sweet       	1.0000	0.6990	0.0455	
tomatoes    	1.0000	1.3010	0.0455	

Documento 7		TF		IDF		TF-IDF
blend       	1.0000	0.8239	0.0286	
aromas      	1.0000	0.6021	0.0286	
grass       	1.0000	1.0000	0.0286	
flavors     	1.0000	0.3979	0.0286	
a           	1.0000	0.1549	0.0286	
note        	1.0000	0.4559	0.0286	
finish      	1.0000	0.6021	0.0286	
sweet       	1.0000	0.6990	0.0286	
white       	1.0000	0.8239	0.0286	
flower      	1.0000	1.3010	0.0286	
lychee      	1.0000	1.3010	0.0286	
apple       	1.0000	1.3010	0.0286	
carry       	1.0000	1.3010	0.0286	
mellow      	1.0000	1.3010	0.0286	
bouquet     	1.0000	1.3010	0.0286	
chunky-feeling	1.0000	1.3010	0.0286	
palate      	1.0000	0.6021	0.0286	
bear        	1.0000	1.0000	0.0286	
powdery     	1.0000	1.3010	0.0286	
peach       	1.0000	1.3010	0.0286	
melon       	1.0000	1.3010	0.0286	
mix         	1.0000	1.3010	0.0286	
greener     	1.0000	1.3010	0.0286	
lime        	1.0000	1.3010	0.0286	
80%         	1.0000	1.3010	0.0286	
viognier    	1.0000	1.3010	0.0286	
component   	1.0000	1.3010	0.0286	
typical     	1.0000	1.3010	0.0286	
warm        	1.0000	1.3010	0.0286	
climate:    	1.0000	1.3010	0.0286	
plump       	1.0000	1.0000	0.0286	
oily        	1.0000	1.3010	0.0286	
short       	1.0000	1.3010	0.0286	
chardonnay  	1.0000	1.3010	0.0286	
fill        	1.0000	1.3010	0.0286	

Documento 8		TF		IDF		TF-IDF
fruit       	1.0000	0.3010	0.0500	
give        	1.0000	0.8239	0.0500	
wine        	1.0000	0.2596	0.0500	
meat        	1.0000	1.0000	0.0500	
sauce       	1.0000	1.0000	0.0500	
aromas      	1.0000	0.6021	0.0500	
flavors     	1.0000	0.3979	0.0500	
cabernet    	1.0000	1.0000	0.0500	
a           	1.0000	0.1549	0.0500	
concentrate 	1.0000	1.3010	0.0500	
offer       	1.0000	1.0000	0.0500	
cure        	1.0000	1.3010	0.0500	
dried       	1.0000	1.3010	0.0500	
rosemary    	1.0000	1.3010	0.0500	
barbecue    	1.0000	1.3010	0.0500	
spice       	1.0000	1.3010	0.0500	
teriyaki    	1.0000	1.3010	0.0500	
bold        	1.0000	1.3010	0.0500	
chewy       	1.0000	1.3010	0.0500	
feel        	1.0000	1.3010	0.0500	

Documento 9		TF		IDF		TF-IDF
fruit       	1.0000	0.3010	0.0714	
wine        	1.0000	0.2596	0.0714	
aromas      	1.0000	0.6021	0.0714	
ripe        	1.0000	0.6990	0.0714	
palate      	1.0000	0.6021	0.0714	
plump       	1.0000	1.0000	0.0714	
inky        	1.0000	1.3010	0.0714	
color       	1.0000	1.3010	0.0714	
blackberry  	1.0000	1.3010	0.0714	
jam         	1.0000	1.3010	0.0714	
rum         	1.0000	1.3010	0.0714	
cake        	1.0000	1.3010	0.0714	
soft        	1.0000	0.8239	0.0714	
smooth      	1.0000	1.3010	0.0714	

Documento 10		TF		IDF		TF-IDF
fruit       	1.0000	0.3010	0.0428	
bright      	1.0000	0.8239	0.0428	
wine        	1.3010	0.2596	0.0556	
juicy       	1.0000	0.8239	0.0428	
quality     	1.0000	1.0000	0.0428	
part        	1.0000	1.0000	0.0428	
a           	1.3010	0.1549	0.0556	
flavor      	1.0000	0.6021	0.0428	
finish      	1.0000	0.6021	0.0428	
palate      	1.0000	0.6021	0.0428	
natural     	1.0000	1.3010	0.0428	
movement    	1.0000	1.3010	0.0428	
organic     	1.0000	1.3010	0.0428	
grapes      	1.0000	1.3010	0.0428	
label       	1.0000	1.3010	0.0428	
print       	1.0000	1.3010	0.0428	
vegetable   	1.0000	1.3010	0.0428	
ink         	1.0000	1.3010	0.0428	
recycled    	1.0000	1.3010	0.0428	
paper       	1.0000	1.3010	0.0428	
nice        	1.0000	1.3010	0.0428	
berry       	1.0000	0.6990	0.0428	

Documento 11		TF		IDF		TF-IDF
show        	1.0000	0.8239	0.0588	
back        	1.0000	1.0000	0.0588	
touch       	1.0000	0.6990	0.0588	
a           	1.0000	0.1549	0.0588	
note        	1.0000	0.4559	0.0588	
white       	1.0000	0.8239	0.0588	
catarratto  	1.0000	1.3010	0.0588	
sicily's    	1.0000	1.3010	0.0588	
widely      	1.0000	1.3010	0.0588	
farmed      	1.0000	1.3010	0.0588	
grape       	1.0000	1.3010	0.0588	
varieties   	1.0000	1.3010	0.0588	
expression  	1.0000	1.3010	0.0588	
mineral     	1.0000	1.0000	0.0588	
citrus      	1.0000	0.8239	0.0588	
almond      	1.0000	1.3010	0.0588	
blossom     	1.0000	1.3010	0.0588	

Documento 12		TF		IDF		TF-IDF
tannins     	1.0000	0.6990	0.0565	
wine        	1.0000	0.2596	0.0565	
open        	1.0000	0.8239	0.0565	
touch       	1.0000	0.6990	0.0565	
flavors     	1.0000	0.3979	0.0565	
a           	1.3010	0.1549	0.0735	
note        	1.0000	0.4559	0.0565	
bitterness  	1.0000	1.0000	0.0565	
berry       	1.0000	0.6990	0.0565	
stiff       	1.0000	1.3010	0.0565	
tannic      	1.0000	1.3010	0.0565	
slowly      	1.0000	1.3010	0.0565	
bring       	1.0000	1.3010	0.0565	
brambly     	1.0000	1.3010	0.0565	
play        	1.0000	1.3010	0.0565	
earthy      	1.0000	1.3010	0.0565	
herbs       	1.0000	1.3010	0.0565	

Documento 13		TF		IDF		TF-IDF
red         	1.0000	0.8239	0.0935	
fruit       	1.0000	0.3010	0.0935	
wine        	1.0000	0.2596	0.0935	
ripe        	1.0000	0.6990	0.0935	
a           	1.3010	0.1549	0.1217	
flavor      	1.0000	0.6021	0.0935	
acidity     	1.0000	0.8239	0.0935	
soft        	1.0000	0.8239	0.0935	
berry       	1.0000	0.6990	0.0935	
festive     	1.0000	1.3010	0.0935	

Documento 14		TF		IDF		TF-IDF
fruit       	1.0000	0.3010	0.0349	
pair        	1.0000	0.6990	0.0349	
clean       	1.0000	0.8239	0.0349	
flavors     	1.0000	0.3979	0.0349	
dry         	1.0000	1.0000	0.0349	
sauvignon   	1.0000	0.6990	0.0349	
a           	1.3010	0.1549	0.0453	
green       	1.0000	1.0000	0.0349	
blanc       	1.0000	0.8239	0.0349	
tropical    	1.0000	1.0000	0.0349	
honey       	1.0000	0.8239	0.0349	
citrus      	1.0000	0.8239	0.0349	
brisk       	1.0000	1.3010	0.0349	
mouthfeel   	1.0000	1.3010	0.0349	
slightly    	1.0000	1.3010	0.0349	
oaked       	1.0000	1.3010	0.0349	
instant     	1.0000	1.3010	0.0349	
likeability 	1.0000	1.3010	0.0349	
rich        	1.0000	1.3010	0.0349	
streak      	1.0000	1.3010	0.0349	
sweetens    	1.0000	1.3010	0.0349	
pear        	1.0000	1.3010	0.0349	
asian       	1.0000	1.3010	0.0349	
fare        	1.0000	1.3010	0.0349	
ham         	1.0000	1.3010	0.0349	
salad       	1.0000	1.3010	0.0349	
grapefruit  	1.0000	1.0000	0.0349	
sections    	1.0000	1.3010	0.0349	

Documento 15		TF		IDF		TF-IDF
flavors     	1.0000	0.3979	0.0637	
a           	1.3010	0.1549	0.0829	
note        	1.0000	0.4559	0.0637	
herb        	1.0000	1.0000	0.0637	
finish      	1.0000	0.6021	0.0637	
palate      	1.0000	0.6021	0.0637	
berry       	1.0000	0.6990	0.0637	
aroma       	1.0000	1.3010	0.0637	
cola        	1.0000	1.3010	0.0637	
tangy       	1.0000	1.3010	0.0637	
racy        	1.0000	1.3010	0.0637	
deliver     	1.0000	1.3010	0.0637	
raspberry   	1.0000	1.3010	0.0637	
plum        	1.0000	1.3010	0.0637	
modest      	1.0000	1.3010	0.0637	

Documento 16		TF		IDF		TF-IDF
tannins     	1.0000	0.6990	0.0385	
wine        	1.0000	0.2596	0.0385	
blend       	1.0000	0.8239	0.0385	
note        	1.0000	0.4559	0.0385	
finish      	1.0000	0.6021	0.0385	
start       	1.0000	1.3010	0.0385	
block       	1.0000	1.3010	0.0385	
oaky        	1.0000	1.3010	0.0385	
dripping    	1.0000	1.3010	0.0385	
caramel     	1.0000	1.3010	0.0385	
vanilla     	1.0000	1.0000	0.0385	
texture     	1.0000	1.3010	0.0385	
midpalate   	1.0000	1.3010	0.0385	
finessed    	1.0000	1.3010	0.0385	
graceful    	1.0000	1.3010	0.0385	
drying      	1.0000	1.0000	0.0385	
latch       	1.0000	1.3010	0.0385	
oak-driven  	1.0000	1.3010	0.0385	
eccentric   	1.0000	1.3010	0.0385	
50%         	1.0000	1.3010	0.0385	
tannat      	1.0000	1.3010	0.0385	
35%         	1.0000	1.3010	0.0385	
petit       	1.0000	1.3010	0.0385	
verdot      	1.0000	1.3010	0.0385	
15%         	1.0000	1.3010	0.0385	
pinotage    	1.0000	1.3010	0.0385	

Documento 17		TF		IDF		TF-IDF
pair        	1.0000	0.6990	0.0588	
clean       	1.0000	0.8239	0.0588	
a           	1.0000	0.1549	0.0588	
offer       	1.0000	1.0000	0.0588	
mineral     	1.0000	1.0000	0.0588	
citrus      	1.0000	0.8239	0.0588	
drying      	1.0000	1.0000	0.0588	
spicy       	1.0000	1.3010	0.0588	
fresh       	1.0000	1.3010	0.0588	
fry         	1.0000	1.3010	0.0588	
seafood     	1.0000	1.3010	0.0588	
spaghetti   	1.0000	1.3010	0.0588	
con         	1.0000	1.3010	0.0588	
vongole     	1.0000	1.3010	0.0588	
pretty      	1.0000	1.3010	0.0588	
tones       	1.0000	1.3010	0.0588	
nuance      	1.0000	1.3010	0.0588	

Documento 18		TF		IDF		TF-IDF
wine        	1.0000	0.2596	0.0833	
flavors     	1.0000	0.3979	0.0833	
a           	1.0000	0.1549	0.0833	
orange      	1.0000	1.0000	0.0833	
honey       	1.0000	0.8239	0.0833	
acidity     	1.0000	0.8239	0.0833	
sweet       	1.0000	0.6990	0.0833	
white       	1.0000	0.8239	0.0833	
vanilla     	1.0000	1.0000	0.0833	
sugar       	1.0000	1.3010	0.0833	
brightened  	1.0000	1.3010	0.0833	
crisp       	1.0000	1.3010	0.0833	

Documento 19		TF		IDF		TF-IDF
fruit       	1.0000	0.3010	0.0297	
wine        	1.0000	0.2596	0.0297	
pair        	1.0000	0.6990	0.0297	
aromas      	1.0000	0.6021	0.0297	
sauvignon   	1.0000	0.6990	0.0297	
a           	1.3010	0.1549	0.0386	
gooseberry  	1.0000	1.0000	0.0297	
flavor      	1.0000	0.6021	0.0297	
zealand     	1.0000	1.0000	0.0297	
blanc       	1.0000	0.8239	0.0297	
palate      	1.0000	0.6021	0.0297	
bear        	1.0000	1.0000	0.0297	
grapefruit  	1.0000	1.0000	0.0297	
bottling    	1.0000	1.3010	0.0297	
resemble    	1.0000	1.3010	0.0297	
paradigm    	1.0000	1.3010	0.0297	
passion     	1.0000	1.3010	0.0297	
kiwi;       	1.0000	1.3010	0.0297	
sprinkling  	1.0000	1.3010	0.0297	
graham      	1.0000	1.3010	0.0297	
cracker     	1.0000	1.3010	0.0297	
add         	1.0000	1.3010	0.0297	
interest    	1.0000	1.3010	0.0297	
hit         	1.0000	1.3010	0.0297	
fleshy      	1.0000	1.3010	0.0297	
fist        	1.0000	1.3010	0.0297	
intense     	1.0000	1.3010	0.0297	
grassy      	1.0000	1.3010	0.0297	
plenty      	1.0000	1.3010	0.0297	
punch       	1.0000	1.3010	0.0297	
apricot-glazed	1.0000	1.3010	0.0297	
roasted     	1.0000	1.3010	0.0297	
chicken     	1.0000	1.3010	0.0297	

Documento 20		TF		IDF		TF-IDF
tannins     	1.0000	0.6990	0.0516	
give        	1.0000	0.8239	0.0516	
wine        	1.3010	0.2596	0.0671	
open        	1.0000	0.8239	0.0516	
juicy       	1.0000	0.8239	0.0516	
character   	1.0000	1.0000	0.0516	
ripe        	1.0000	0.6990	0.0516	
a           	1.3010	0.1549	0.0671	
sweet       	1.0000	0.6990	0.0516	
soft        	1.0000	0.8239	0.0516	
fruity      	1.0000	1.3010	0.0516	
generous    	1.0000	1.3010	0.0516	
full        	1.0000	1.3010	0.0516	
red-cherry  	1.0000	1.3010	0.0516	
fruits      	1.0000	1.3010	0.0516	
gentle      	1.0000	1.3010	0.0516	
richness    	1.0000	1.3010	0.0516	
ready-to-drink	1.0000	1.3010	0.0516	

Matriz de similitud
0.0833	0.0175	0.0000	0.0000	0.0037	0.0038	0.0000	0.0125	0.0119	0.0153	0.0000	0.0141	0.0234	0.0029	0.0000	0.0064	0.0000	0.0069	0.0049	0.0271	
0.0175	0.0526	0.0000	0.0000	0.0023	0.0024	0.0000	0.0105	0.0075	0.0097	0.0000	0.0030	0.0148	0.0055	0.0000	0.0020	0.0062	0.0044	0.0047	0.0035	
0.0000	0.0000	0.0483	0.0045	0.0028	0.0022	0.0055	0.0048	0.0069	0.0021	0.0094	0.0055	0.0045	0.0017	0.0031	0.0019	0.0000	0.0040	0.0014	0.0025	
0.0000	0.0000	0.0045	0.0935	0.0041	0.0000	0.0027	0.0108	0.0000	0.0000	0.0000	0.0053	0.0000	0.0098	0.0060	0.0000	0.0000	0.0078	0.0028	0.0000	
0.0037	0.0023	0.0028	0.0041	0.0441	0.0086	0.0029	0.0051	0.0031	0.0070	0.0086	0.0067	0.0193	0.0118	0.0076	0.0017	0.0034	0.0158	0.0101	0.0038	
0.0038	0.0024	0.0022	0.0000	0.0086	0.0455	0.0052	0.0045	0.0032	0.0084	0.0080	0.0110	0.0140	0.0036	0.0125	0.0035	0.0027	0.0076	0.0045	0.0054	
0.0000	0.0000	0.0055	0.0027	0.0029	0.0052	0.0286	0.0043	0.0061	0.0040	0.0050	0.0053	0.0035	0.0023	0.0097	0.0033	0.0017	0.0095	0.0036	0.0034	
0.0125	0.0105	0.0048	0.0108	0.0051	0.0045	0.0043	0.0500	0.0107	0.0077	0.0029	0.0093	0.0154	0.0058	0.0073	0.0019	0.0059	0.0125	0.0064	0.0093	
0.0119	0.0075	0.0069	0.0000	0.0031	0.0032	0.0061	0.0107	0.0714	0.0101	0.0000	0.0040	0.0267	0.0025	0.0046	0.0027	0.0000	0.0060	0.0085	0.0122	
0.0153	0.0097	0.0021	0.0000	0.0070	0.0084	0.0040	0.0077	0.0101	0.0428	0.0033	0.0097	0.0240	0.0040	0.0128	0.0038	0.0033	0.0093	0.0076	0.0097	
0.0000	0.0000	0.0094	0.0000	0.0086	0.0080	0.0050	0.0029	0.0000	0.0033	0.0588	0.0110	0.0072	0.0047	0.0086	0.0023	0.0104	0.0098	0.0023	0.0039	
0.0141	0.0030	0.0055	0.0053	0.0067	0.0110	0.0053	0.0093	0.0040	0.0097	0.0110	0.0565	0.0195	0.0053	0.0169	0.0065	0.0043	0.0155	0.0045	0.0146	
0.0234	0.0148	0.0045	0.0000	0.0193	0.0140	0.0035	0.0154	0.0267	0.0240	0.0072	0.0195	0.0935	0.0088	0.0160	0.0036	0.0072	0.0257	0.0130	0.0241	
0.0029	0.0055	0.0017	0.0098	0.0118	0.0036	0.0023	0.0058	0.0025	0.0040	0.0047	0.0053	0.0088	0.0349	0.0060	0.0000	0.0088	0.0096	0.0069	0.0030	
0.0000	0.0000	0.0031	0.0060	0.0076	0.0125	0.0097	0.0073	0.0046	0.0128	0.0086	0.0169	0.0160	0.0060	0.0637	0.0049	0.0049	0.0122	0.0051	0.0056	
0.0064	0.0020	0.0019	0.0000	0.0017	0.0035	0.0033	0.0019	0.0027	0.0038	0.0023	0.0065	0.0036	0.0000	0.0049	0.0385	0.0023	0.0064	0.0011	0.0046	
0.0000	0.0062	0.0000	0.0000	0.0034	0.0027	0.0017	0.0059	0.0000	0.0033	0.0104	0.0043	0.0072	0.0088	0.0049	0.0023	0.0588	0.0049	0.0040	0.0039	
0.0069	0.0044	0.0040	0.0078	0.0158	0.0076	0.0095	0.0125	0.0060	0.0093	0.0098	0.0155	0.0257	0.0096	0.0122	0.0064	0.0049	0.0833	0.0057	0.0155	
0.0049	0.0047	0.0014	0.0028	0.0101	0.0045	0.0036	0.0064	0.0085	0.0076	0.0023	0.0045	0.0130	0.0069	0.0051	0.0011	0.0040	0.0057	0.0297	0.0046	
0.0271	0.0035	0.0025	0.0000	0.0038	0.0054	0.0034	0.0093	0.0122	0.0097	0.0039	0.0146	0.0241	0.0030	0.0056	0.0046	0.0039	0.0155	0.0046	0.0516	
