
Documento 1		TF		IDF		TF-IDF
a           	1.4771	0.0969	0.0826	
dry         	1.0000	0.6990	0.0559	
wine        	1.3010	0.5229	0.0728	
spicy       	1.0000	1.0000	0.0559	
tight       	1.0000	1.0000	0.0559	
taut        	1.0000	1.0000	0.0559	
texture     	1.0000	1.0000	0.0559	
strongly    	1.0000	1.0000	0.0559	
mineral     	1.0000	1.0000	0.0559	
character   	1.0000	0.6990	0.0559	
layered     	1.0000	1.0000	0.0559	
citrus      	1.0000	1.0000	0.0559	
pepper      	1.0000	0.5229	0.0559	
food        	1.0000	1.0000	0.0559	
crisp       	1.0000	1.0000	0.0559	
aftertaste  	1.0000	1.0000	0.0559	

Documento 2		TF		IDF		TF-IDF
a           	1.0000	0.0969	0.0556	
wine        	1.0000	0.5229	0.0556	
slightly    	1.0000	0.6990	0.0556	
reduce      	1.0000	1.0000	0.0556	
offer       	1.0000	0.6990	0.0556	
chalky      	1.0000	1.0000	0.0556	
tannic      	1.0000	0.6990	0.0556	
backbone    	1.0000	1.0000	0.0556	
juicy       	1.0000	0.6990	0.0556	
explosion   	1.0000	1.0000	0.0556	
rich        	1.0000	1.0000	0.0556	
black       	1.0000	0.6990	0.0556	
cherry      	1.0000	0.6990	0.0556	
accented    	1.0000	1.0000	0.0556	
firm        	1.0000	1.0000	0.0556	
oak         	1.0000	0.3979	0.0556	
cigar       	1.0000	0.6990	0.0556	
box         	1.0000	0.6990	0.0556	

Documento 3		TF		IDF		TF-IDF
a           	1.0000	0.0969	0.0455	
oak         	1.0000	0.3979	0.0455	
dominate    	1.0000	0.6990	0.0455	
oak-driven  	1.0000	0.6990	0.0455	
aromas      	1.0000	0.2218	0.0455	
include     	1.0000	1.0000	0.0455	
roasted     	1.0000	1.0000	0.0455	
coffee      	1.0000	1.0000	0.0455	
bean        	1.0000	1.0000	0.0455	
espresso    	1.0000	1.0000	0.0455	
coconut     	1.0000	1.0000	0.0455	
vanilla     	1.0000	0.6990	0.0455	
carry       	1.0000	0.6990	0.0455	
palate      	1.0000	0.3010	0.0455	
plum        	1.0000	0.5229	0.0455	
chocolate   	1.0000	1.0000	0.0455	
astringent  	1.0000	1.0000	0.0455	
drying      	1.0000	1.0000	0.0455	
tannins     	1.0000	1.0000	0.0455	
give        	1.0000	1.0000	0.0455	
abrupt      	1.0000	1.0000	0.0455	
finish      	1.0000	0.3979	0.0455	

Documento 4		TF		IDF		TF-IDF
a           	1.0000	0.0969	0.0313	
wine        	1.0000	0.5229	0.0313	
build       	1.0000	1.0000	0.0313	
150         	1.0000	1.0000	0.0313	
years       	1.0000	1.0000	0.0313	
generations 	1.0000	1.0000	0.0313	
winemaking  	1.0000	1.0000	0.0313	
tradition   	1.0000	1.0000	0.0313	
winery      	1.0000	1.0000	0.0313	
trends      	1.0000	1.0000	0.0313	
leaner      	1.0000	1.0000	0.0313	
style       	1.0000	1.0000	0.0313	
classic     	1.0000	1.0000	0.0313	
california  	1.0000	1.0000	0.0313	
buttercream 	1.0000	1.0000	0.0313	
aroma       	1.0000	1.0000	0.0313	
cut         	1.0000	1.0000	0.0313	
tart        	1.0000	0.6990	0.0313	
green       	1.0000	0.6990	0.0313	
apple       	1.0000	0.6990	0.0313	
good        	1.0000	0.6990	0.0313	
everyday    	1.0000	1.0000	0.0313	
sipping     	1.0000	1.0000	0.0313	
flavors     	1.0000	0.5229	0.0313	
range       	1.0000	1.0000	0.0313	
pear        	1.0000	1.0000	0.0313	
barely      	1.0000	1.0000	0.0313	
ripe        	1.0000	0.6990	0.0313	
pineapple   	1.0000	1.0000	0.0313	
prove       	1.0000	1.0000	0.0313	
approachable	1.0000	0.6990	0.0313	
distinctive 	1.0000	1.0000	0.0313	

Documento 5		TF		IDF		TF-IDF
a           	1.0000	0.0969	0.0526	
dry         	1.0000	0.6990	0.0526	
palate      	1.0000	0.3010	0.0526	
apple       	1.0000	0.6990	0.0526	
zesty       	1.0000	1.0000	0.0526	
orange      	1.0000	1.0000	0.0526	
peels       	1.0000	1.0000	0.0526	
note        	1.0000	0.5229	0.0526	
abound      	1.0000	1.0000	0.0526	
sprightly   	1.0000	1.0000	0.0526	
mineral-toned	1.0000	1.0000	0.0526	
riesling    	1.0000	1.0000	0.0526	
racy        	1.0000	1.0000	0.0526	
lean        	1.0000	1.0000	0.0526	
refreshing  	1.0000	1.0000	0.0526	
easy        	1.0000	1.0000	0.0526	
quaffer     	1.0000	1.0000	0.0526	
wide        	1.0000	1.0000	0.0526	
appeal      	1.0000	1.0000	0.0526	

Documento 6		TF		IDF		TF-IDF
a           	1.4771	0.0969	0.0463	
oak         	1.0000	0.3979	0.0314	
aromas      	1.0000	0.2218	0.0314	
palate      	1.0000	0.3010	0.0314	
plum        	1.3010	0.5229	0.0408	
finish      	1.0000	0.3979	0.0314	
green       	1.0000	0.6990	0.0314	
flavors     	1.0000	0.5229	0.0314	
bake        	1.0000	1.0000	0.0314	
molasses    	1.0000	1.0000	0.0314	
balsamic    	1.0000	1.0000	0.0314	
vinegar     	1.0000	1.0000	0.0314	
cheesy      	1.0000	1.0000	0.0314	
feed        	1.0000	1.0000	0.0314	
braced      	1.0000	1.0000	0.0314	
bolt        	1.0000	1.0000	0.0314	
acidity     	1.0000	1.0000	0.0314	
compact     	1.0000	1.0000	0.0314	
set         	1.0000	1.0000	0.0314	
saucy       	1.0000	1.0000	0.0314	
red-berry   	1.0000	1.0000	0.0314	
feature     	1.0000	1.0000	0.0314	
tobacco     	1.0000	0.6990	0.0314	
peppery     	1.0000	1.0000	0.0314	
accents     	1.0000	1.0000	0.0314	
mildly      	1.0000	1.0000	0.0314	
flavor      	1.0000	0.6990	0.0314	
respectable 	1.0000	1.0000	0.0314	
weight      	1.0000	1.0000	0.0314	
balance     	1.0000	1.0000	0.0314	

Documento 7		TF		IDF		TF-IDF
a           	1.3010	0.0969	0.0513	
character   	1.0000	0.6990	0.0394	
juicy       	1.0000	0.6990	0.0394	
oak         	1.3010	0.3979	0.0513	
aromas      	1.0000	0.2218	0.0394	
finish      	1.0000	0.3979	0.0394	
good        	1.0000	0.6990	0.0394	
flavor      	1.0000	0.6990	0.0394	
raw         	1.0000	1.0000	0.0394	
black-cherry	1.0000	1.0000	0.0394	
direct      	1.0000	1.0000	0.0394	
simple      	1.0000	1.0000	0.0394	
feel        	1.0000	1.0000	0.0394	
thickens    	1.0000	1.0000	0.0394	
time        	1.0000	1.0000	0.0394	
extract     	1.0000	1.0000	0.0394	
apparent    	1.0000	1.0000	0.0394	
profile     	1.0000	1.0000	0.0394	
drive       	1.0000	1.0000	0.0394	
dark-berry  	1.0000	1.0000	0.0394	
fruits      	1.0000	1.0000	0.0394	
smoldering  	1.0000	1.0000	0.0394	
meaty       	1.0000	1.0000	0.0394	
hot         	1.0000	1.0000	0.0394	

Documento 8		TF		IDF		TF-IDF
tannic      	1.0000	0.6990	0.0352	
dominate    	1.0000	0.6990	0.0352	
aromas      	1.3010	0.2218	0.0458	
carry       	1.0000	0.6990	0.0352	
finish      	1.0000	0.3979	0.0352	
flavors     	1.0000	0.5229	0.0352	
desiccated  	1.0000	1.0000	0.0352	
blackberry  	1.3010	1.0000	0.0458	
leather     	1.0000	1.0000	0.0352	
charred     	1.0000	1.0000	0.0352	
wood        	1.0000	1.0000	0.0352	
mint        	1.0000	1.0000	0.0352	
nose        	1.0000	0.6990	0.0352	
full-bodied 	1.0000	1.0000	0.0352	
heavily     	1.0000	1.0000	0.0352	
oaked       	1.0000	1.0000	0.0352	
tinto       	1.0000	1.0000	0.0352	
fino        	1.0000	1.0000	0.0352	
clove       	1.0000	1.0000	0.0352	
woodspice   	1.0000	1.0000	0.0352	
sit         	1.0000	1.0000	0.0352	
top         	1.0000	1.0000	0.0352	
fruit       	1.0000	0.6990	0.0352	
hickory     	1.0000	1.0000	0.0352	
forceful    	1.0000	1.0000	0.0352	
oak-based   	1.0000	1.0000	0.0352	
rise        	1.0000	1.0000	0.0352	

Documento 9		TF		IDF		TF-IDF
pepper      	1.0000	0.5229	0.0329	
slightly    	1.0000	0.6990	0.0329	
cherry      	1.0000	0.6990	0.0329	
cigar       	1.0000	0.6990	0.0329	
box         	1.0000	0.6990	0.0329	
aromas      	1.0000	0.2218	0.0329	
palate      	1.0000	0.3010	0.0329	
plum        	1.0000	0.5229	0.0329	
approachable	1.0000	0.6990	0.0329	
note        	1.3010	0.5229	0.0428	
nose        	1.0000	0.6990	0.0329	
fruit       	1.0000	0.6990	0.0329	
red         	1.0000	0.6990	0.0329	
pervade     	1.0000	1.0000	0.0329	
menthol     	1.0000	1.0000	0.0329	
ride        	1.0000	1.0000	0.0329	
restrain    	1.0000	1.0000	0.0329	
entry       	1.0000	1.0000	0.0329	
open        	1.0000	1.0000	0.0329	
riper       	1.0000	1.0000	0.0329	
specked     	1.0000	1.0000	0.0329	
crushed     	1.0000	1.0000	0.0329	
blend       	1.0000	1.0000	0.0329	
merlot      	1.0000	1.0000	0.0329	
cabernet    	1.3010	1.0000	0.0428	
sauvignon   	1.0000	1.0000	0.0329	
franc       	1.0000	1.0000	0.0329	
ready       	1.0000	1.0000	0.0329	
enjoy       	1.0000	1.0000	0.0329	

Documento 10		TF		IDF		TF-IDF
a           	1.0000	0.0969	0.0405	
pepper      	1.0000	0.5229	0.0405	
offer       	1.0000	0.6990	0.0405	
black       	1.0000	0.6990	0.0405	
oak-driven  	1.0000	0.6990	0.0405	
aromas      	1.0000	0.2218	0.0405	
vanilla     	1.0000	0.6990	0.0405	
palate      	1.0000	0.3010	0.0405	
tart        	1.0000	0.6990	0.0405	
ripe        	1.0000	0.6990	0.0405	
note        	1.3010	0.5229	0.0527	
tobacco     	1.0000	0.6990	0.0405	
red         	1.0000	0.6990	0.0405	
dark        	1.0000	1.0000	0.0405	
berries     	1.0000	1.0000	0.0405	
mingle      	1.0000	1.0000	0.0405	
ample       	1.0000	1.0000	0.0405	
toasted     	1.0000	1.0000	0.0405	
dusty       	1.0000	1.0000	0.0405	
nature      	1.0000	1.0000	0.0405	
currant     	1.0000	1.0000	0.0405	
shine       	1.0000	1.0000	0.0405	
bite        	1.0000	1.0000	0.0405	
levity      	1.0000	1.0000	0.0405	

Matriz de similitud
0.0559	0.0086	0.0038	0.0049	0.0073	0.0038	0.0064	0.0000	0.0018	0.0056	
0.0086	0.0556	0.0051	0.0035	0.0029	0.0043	0.0079	0.0020	0.0073	0.0067	
0.0038	0.0051	0.0455	0.0014	0.0048	0.0097	0.0082	0.0069	0.0045	0.0092	
0.0049	0.0035	0.0014	0.0313	0.0033	0.0034	0.0028	0.0011	0.0010	0.0038	
0.0073	0.0029	0.0048	0.0033	0.0526	0.0041	0.0027	0.0000	0.0040	0.0070	
0.0038	0.0043	0.0097	0.0034	0.0041	0.0314	0.0077	0.0036	0.0034	0.0057	
0.0064	0.0079	0.0082	0.0028	0.0027	0.0077	0.0394	0.0032	0.0013	0.0037	
0.0000	0.0020	0.0069	0.0011	0.0000	0.0036	0.0032	0.0352	0.0038	0.0019	
0.0018	0.0073	0.0045	0.0010	0.0040	0.0034	0.0013	0.0038	0.0329	0.0076	
0.0056	0.0067	0.0092	0.0038	0.0070	0.0057	0.0037	0.0019	0.0076	0.0405	
